---
  robot: "SOLO12"
  joint_count: 12
  q_init : [0.016, 0.76, -1.69, -0.016, 0.76, -1.698, 0.0164, -0.76, 1.698, -0.0164, -0.761, 1.698]
  start_pos : [0,0,0.35]
  start_ang : [0.0, 0.0, 0.0, 1.0]
  t_max : 2.0
  mode : "position"
  endeffector_count: 4
  mass: 1.16115091
  ixx: 0.00578574
  ixy: 0.0
  ixz: 0.0
  iyy: 0.01938108
  iyz: 0.0
  izz: 0.02476124