---
  robot: "SOLO12"
  joint_count: 12
  q_init : [1, 1, 1, 1, 1, 1, 1, 1, 1, 1, 1, 1]
  start_pos : [0,0,0.35]
  start_ang : [0.0, 0.0, 0.0, 1.0]
  t_max : 2.0
  mode : "position"
  # mode : "torque"
  # q_init : [1, 1, 1, 1, 1, 1, 1, 1, 1, 1, 1, 1]
  endeffector_count: 4
  mass: 1.16115091
  ixx: 0.00578574
  ixy: 0.0
  ixz: 0.0
  iyy: 0.01938108
  iyz: 0.0
  izz: 0.02476124