---
  robot: "SOLO12"
  joint_count: 12
  # q_init : [0.016, 0.76, -1.69, -0.016, 0.76, -1.698, 0.0164, -0.76, 1.698, -0.0164, -0.761, 1.698]
  q_init : [0.0, 0.5678400730804637, -1.1361035738696867, 0.0, 0.5675920523927089, -1.135729989725799, 0.0, -0.5676057246848242, 1.1357758247198355, 0.0, -0.5680233250933231, 1.1361052826020581]
  start_pos : [0,0,0.28]
  start_ang : [0.0, 0.0, 0.0, 1.0]
  t_max : 2.0
  # mode : "P" #position control
  # mode : "torque"
  mode : 'PD' #position-velocity control
  endeffector_count: 4
  mass: 1.16115091
  ixx: 0.00578574
  ixy: 0.0
  ixz: 0.0
  iyy: 0.01938108
  iyz: 0.0
  izz: 0.02476124