---
  robot: "SOLO12"
  joint_count: 12
  q_init : [0.008, 0.38, -0.845, -0.008, 0.38, -0.845, 0.0082, -0.38, 0.845, -0.082, -0.2805, 0.845]
  start_pos : [0,0,0.25]
  start_ang : [0.0, 0.0, 0.0, 1.0]
  t_max : 2.0
  # mode : "P" #position control
  mode : "torque"
  # mode : 'PD' #position-velocity control
  endeffector_count: 4
  mass: 1.16115091
  ixx: 0.00578574
  ixy: 0.0
  ixz: 0.0
  iyy: 0.01938108
  iyz: 0.0
  izz: 0.02476124
  kp : 0.5
  kd : 0.01