---
  robot: "SOLO12"
  joint_count: 12
  q_init : [0.016, 0.76, -1.69, -0.016, 0.76, -1.698, 0.0164, -0.76, 1.698, -0.0164, -0.761, 1.698]
  # q_init : [-0.0005650478695380156, 0.2597670825766683, -0.5210645711951198, 0.00031731137367298977, 0.25858727851859653, -0.5181205389123185, -0.00035827144161409383, -0.25962781589674344, 0.5205266881931575, 0.0004617371040881388, -0.2583690146162199, 0.5165253148766349]
  start_pos : [0,0,0.30]
  start_ang : [0.0, 0.0, 0.0, 1.0]
  t_max : 2.0
  # mode : "P" #position control
  # mode : "torque"
  mode : 'PD' #position-velocity control
  endeffector_count: 4
  mass: 1.16115091
  ixx: 0.00578574
  ixy: 0.0
  ixz: 0.0
  iyy: 0.01938108
  iyz: 0.0
  izz: 0.02476124
  kp : 1.0
  kd : 0.1